    35 90
    10 22
    5 19
    9 29
    9 6
    13 33
    19 19
    14 9
    7 28
    3 31
    30 29
    22 30
    22 1
    35 21
    22 35
    29 14
    19 30
    25 35
    13 10
    11 11
    29 14
    13 4
    19 20
    1 29
    4 19
    22 1
    22 29
    9 25
    33 10
    33 33
    8 24
    30 19
    13 26
    32 14
    34 6
    32 12
    10 33
    1 18
    2 29
    22 8
    14 11
    18 15
    17 10
    9 7
    32 33
    30 12
    22 23
    30 33
    3 1
    26 11
    25 4
    24 12
    25 32
    9 31
    16 33
    31 33
    32 34
    28 23
    28 33
    20 5
    5 32
    5 27
    28 24
    21 6
    30 5
    28 22
    1 11
    9 19
    34 5
    27 5
    35 28
    8 10
    35 22
    26 19
    12 8
    6 7
    8 24
    10 31
    12 20
    22 27
    14 12
    31 9
    34 1
    29 3
    16 13
    2 9
    29 7
    18 22
    15 27
    28 27
    27 25
    0 0

