    90
784.2 27967
1728.9 11285
1761.4 36648.6
1954 16254.7
2890.5 32327.2
3010.6 2563.2
3670.6 34310.1
3719.1 23060.7
3869.7 27847.9
4930.6 17456.9
5405.8 37847.1
5572.1 19365.4
5987.1 26761.2
6445.3 8105
6787.3 9368.4
7664.5 27219.3
7673.3 10471.7
7821.2 32352.3
7900.1 29051.1
7920.6 3710.8
8088.2 6877.5
8324 31622.9
8893 10155.4
10087 2125.9
10598.9 36037.4
11508.3 13965.7
12017.8 10482.2
12305.9 26939.9
12661.1 32380.7
13193.1 17386.2
13604.4 20933.9
15247.5 16353.1
15422.4 9588.5
16425.8 884.7
16480.3 31007.4
17275 22150.1
17325 39616.3
17392.8 23045.1
17603.9 14306.7
18294.2 9267.4
18431 17321.8
18601.5 15501.3
18808 39462.4
18851.7 25357
18942 26502.6
19142.3 12822.8
20146.8 8966.7
21311.8 12049.3
21354.4 12309
21637.8 34473.8
21639.2 14286.1
22590.5 36304.7
23054 240.7
24003.2 8249.9
24342.7 36126.7
24359.7 26755.8
25161.1 31794.7
25355.8 19086.4
27042.9 39718.8
27194 20945.2
27310.3 35774
27612.3 6808.9
27685.8 11930.5
27866.9 6792.8
28484.5 26512.8
29169.8 36734.2
29170.4 20034.6
29787.4 11219.4
29911.9 38472.7
29964 22205.7
29967.6 18749.4
30753.1 13823.6
30825 27811.3
32887.5 199.4
32962.1 30779.4
34349.2 34312.9
34490.3 25278.9
34701.9 23012
34793.6 9119.2
35386.8 7340.8
35772.8 20866.4
36084.4 34687.9
37078.7 25425.2
38326.1 8215.1
38460.1 22446.3
38701 22920.8
39025.9 10545
39493.2 13326.4
39607 11519.9
39872.8 11883.1
    0